989,854 -> 521,854
831,695 -> 402,266
38,805 -> 306,537
802,24 -> 802,824
951,478 -> 951,758
508,987 -> 508,868
602,246 -> 108,246
765,781 -> 76,92
248,757 -> 644,361
296,987 -> 296,958
240,430 -> 240,36
672,530 -> 156,14
920,19 -> 425,514
737,389 -> 859,389
762,364 -> 468,364
889,114 -> 45,958
961,749 -> 843,749
528,905 -> 528,50
515,691 -> 768,438
718,970 -> 718,66
335,149 -> 105,149
543,879 -> 149,879
739,521 -> 340,521
322,493 -> 676,139
214,242 -> 214,297
455,604 -> 502,604
534,760 -> 755,760
90,884 -> 670,304
908,62 -> 689,62
684,224 -> 83,825
235,91 -> 46,91
686,28 -> 486,228
655,793 -> 282,420
36,164 -> 853,981
592,229 -> 246,229
454,682 -> 822,314
734,84 -> 718,100
970,704 -> 520,704
761,314 -> 761,31
420,228 -> 950,228
868,950 -> 209,950
476,38 -> 553,38
606,230 -> 404,230
804,71 -> 804,678
442,938 -> 442,380
962,636 -> 595,636
645,978 -> 73,406
737,915 -> 737,235
923,110 -> 923,541
578,649 -> 701,649
360,46 -> 403,46
442,539 -> 909,539
892,486 -> 291,486
956,391 -> 828,391
475,567 -> 459,583
22,853 -> 160,853
596,896 -> 241,896
961,225 -> 262,924
860,877 -> 201,877
767,863 -> 328,424
24,103 -> 418,497
967,989 -> 55,77
969,463 -> 90,463
184,921 -> 970,135
123,787 -> 897,13
44,849 -> 840,53
900,686 -> 389,175
865,588 -> 660,383
730,254 -> 730,54
654,114 -> 92,676
340,598 -> 540,798
114,774 -> 114,961
69,138 -> 909,138
727,701 -> 727,963
278,212 -> 439,51
384,297 -> 428,297
538,473 -> 538,696
848,353 -> 592,97
227,388 -> 355,388
122,963 -> 447,638
934,941 -> 167,174
317,508 -> 957,508
245,15 -> 977,747
590,334 -> 684,334
934,168 -> 321,781
305,414 -> 234,414
109,288 -> 142,288
135,215 -> 780,860
29,882 -> 358,882
88,263 -> 725,900
58,623 -> 58,596
772,386 -> 236,922
515,33 -> 515,279
16,831 -> 16,750
177,25 -> 221,25
32,16 -> 988,972
374,586 -> 162,798
99,252 -> 625,252
709,793 -> 740,793
31,941 -> 901,71
784,283 -> 111,956
223,955 -> 223,349
893,618 -> 893,230
378,422 -> 378,481
208,922 -> 208,64
966,984 -> 25,43
438,227 -> 82,583
807,449 -> 464,106
758,744 -> 219,744
331,450 -> 331,347
38,959 -> 986,11
819,565 -> 819,117
486,552 -> 392,552
792,501 -> 862,501
876,259 -> 101,259
423,731 -> 423,313
864,61 -> 446,479
794,182 -> 96,880
102,589 -> 736,589
811,472 -> 931,592
946,525 -> 946,809
358,709 -> 255,606
493,42 -> 687,42
865,545 -> 865,606
170,717 -> 260,717
16,10 -> 987,981
986,236 -> 986,262
922,721 -> 283,82
307,731 -> 759,279
935,887 -> 915,887
591,178 -> 481,178
245,211 -> 734,700
172,290 -> 172,838
63,20 -> 975,932
450,969 -> 450,89
823,878 -> 823,338
354,377 -> 677,54
103,939 -> 703,339
518,961 -> 564,915
593,353 -> 373,353
777,787 -> 777,527
440,337 -> 276,501
80,82 -> 368,370
963,48 -> 963,747
210,552 -> 242,552
563,31 -> 39,31
87,929 -> 959,57
164,383 -> 113,434
184,657 -> 184,932
904,118 -> 225,797
934,136 -> 934,925
523,873 -> 271,873
125,922 -> 28,922
753,744 -> 522,744
221,292 -> 571,292
322,929 -> 452,929
988,579 -> 772,579
15,451 -> 48,451
559,540 -> 151,948
183,609 -> 183,754
251,223 -> 872,844
224,344 -> 162,406
124,86 -> 976,938
446,690 -> 235,690
882,632 -> 698,816
419,380 -> 613,574
787,32 -> 295,32
127,245 -> 249,123
364,298 -> 927,298
786,325 -> 481,325
903,87 -> 57,933
408,326 -> 666,584
266,506 -> 636,876
701,295 -> 701,82
383,710 -> 566,710
245,984 -> 846,383
542,394 -> 542,827
359,220 -> 359,309
593,180 -> 369,180
70,27 -> 973,930
26,503 -> 773,503
338,371 -> 343,366
382,481 -> 355,481
13,43 -> 498,528
943,264 -> 486,264
101,504 -> 410,813
963,40 -> 122,881
291,224 -> 376,139
193,12 -> 349,168
874,214 -> 287,801
119,463 -> 554,898
736,343 -> 249,830
824,561 -> 686,561
375,589 -> 652,589
816,757 -> 139,80
132,759 -> 142,769
328,235 -> 328,183
441,800 -> 112,800
133,458 -> 43,368
466,474 -> 779,474
834,481 -> 834,441
62,340 -> 62,526
675,148 -> 960,433
791,924 -> 957,758
91,903 -> 739,903
837,33 -> 101,769
479,588 -> 302,588
389,362 -> 389,773
299,595 -> 262,632
69,473 -> 853,473
496,428 -> 847,428
23,199 -> 773,949
441,426 -> 684,669
594,132 -> 830,132
708,148 -> 768,148
882,336 -> 882,941
27,878 -> 672,233
754,827 -> 425,827
484,18 -> 949,18
219,92 -> 797,670
977,419 -> 522,874
647,679 -> 647,756
250,516 -> 250,707
716,808 -> 473,808
570,791 -> 915,791
555,723 -> 923,355
476,861 -> 367,861
603,531 -> 192,531
539,848 -> 539,717
217,395 -> 217,968
982,842 -> 982,383
790,363 -> 548,121
855,521 -> 613,763
942,30 -> 121,851
175,754 -> 10,754
47,959 -> 836,170
342,79 -> 171,79
667,110 -> 707,150
49,51 -> 954,956
734,547 -> 441,840
328,337 -> 844,853
108,572 -> 403,572
660,698 -> 202,240
908,690 -> 56,690
945,205 -> 850,300
138,462 -> 138,750
922,95 -> 36,981
513,136 -> 513,69
446,861 -> 408,861
558,845 -> 778,845
206,473 -> 206,587
354,344 -> 354,746
673,81 -> 219,81
618,734 -> 135,734
444,601 -> 382,539
973,764 -> 973,961
512,336 -> 512,826
55,305 -> 427,677
972,989 -> 176,193
953,309 -> 953,924
935,548 -> 935,693
962,131 -> 962,721
927,775 -> 927,706
441,561 -> 135,561
962,46 -> 84,924
67,837 -> 888,16
38,36 -> 966,964
20,114 -> 988,114
775,932 -> 72,229
25,376 -> 232,169
553,481 -> 553,130
231,495 -> 231,979
927,199 -> 927,404
931,667 -> 87,667
449,111 -> 69,111
812,692 -> 812,16
983,47 -> 43,987
819,104 -> 819,721
970,25 -> 267,728
761,147 -> 149,147
855,845 -> 225,215
53,541 -> 175,541
101,719 -> 101,567
986,980 -> 45,39
821,472 -> 264,472
517,396 -> 851,730
78,638 -> 78,816
772,989 -> 772,394
434,238 -> 610,414
547,493 -> 525,493
903,162 -> 900,162
856,105 -> 291,105
370,659 -> 740,659
841,194 -> 985,50
764,194 -> 374,584
49,428 -> 613,428
286,441 -> 131,441
693,928 -> 332,928
624,686 -> 507,803
809,31 -> 901,31
303,696 -> 726,696
398,157 -> 269,157
80,15 -> 676,611
81,199 -> 618,736
805,247 -> 219,833
427,208 -> 300,208
545,69 -> 638,162
587,518 -> 397,708
782,649 -> 782,894
802,793 -> 803,794
46,939 -> 893,92
534,512 -> 534,644
505,942 -> 85,522
243,479 -> 243,916
616,737 -> 616,462
236,31 -> 236,387
413,397 -> 500,397
45,833 -> 45,982
156,824 -> 265,715
763,920 -> 763,734
524,47 -> 790,313
220,859 -> 429,650
503,467 -> 503,546
522,454 -> 522,855
616,901 -> 616,706
435,593 -> 378,593
31,780 -> 31,868
353,844 -> 599,844
417,868 -> 958,327
613,949 -> 613,318
264,522 -> 724,522
942,924 -> 269,924
877,311 -> 877,102
961,55 -> 103,913
776,270 -> 871,270
987,28 -> 955,28
72,743 -> 72,434
727,435 -> 727,876
956,19 -> 956,417
424,124 -> 915,124
222,656 -> 42,836
294,137 -> 717,137
91,260 -> 91,165
15,979 -> 973,21
305,348 -> 491,348
212,408 -> 554,66
578,471 -> 578,925
187,85 -> 187,374
722,484 -> 722,837
714,926 -> 61,926
682,141 -> 682,268
93,502 -> 433,162
580,666 -> 216,666
722,612 -> 722,290
292,798 -> 292,504
41,973 -> 961,53
760,611 -> 760,883
398,221 -> 398,475
98,287 -> 98,165
555,754 -> 285,754
44,871 -> 700,215
547,56 -> 547,493
927,583 -> 448,104
774,383 -> 215,942
948,391 -> 920,391
433,528 -> 433,708
374,244 -> 903,244
141,491 -> 141,837
522,946 -> 648,946
51,712 -> 51,747
341,621 -> 127,621
395,364 -> 281,478
89,804 -> 89,91
818,157 -> 938,157
794,482 -> 521,482
877,402 -> 877,262
335,655 -> 633,655
316,333 -> 120,333
566,258 -> 566,131
288,102 -> 288,448
183,969 -> 183,849
941,970 -> 26,55
681,588 -> 417,324
583,537 -> 854,537
787,183 -> 292,678
737,30 -> 28,30
31,21 -> 981,971
960,980 -> 10,30
488,694 -> 147,694
182,905 -> 676,411
229,496 -> 57,496
736,794 -> 736,709
357,966 -> 234,843
389,525 -> 667,525
305,953 -> 305,870
716,649 -> 852,785
768,928 -> 93,253
91,173 -> 91,527
866,52 -> 866,367
583,469 -> 813,699
821,55 -> 70,806
23,218 -> 755,950
78,132 -> 78,41
463,976 -> 301,814
722,931 -> 800,931
187,820 -> 187,289
59,846 -> 59,423
884,108 -> 155,108
756,714 -> 411,714
68,926 -> 964,30
672,510 -> 937,510
258,581 -> 497,581
77,703 -> 77,626
10,12 -> 963,965
941,99 -> 311,99
74,27 -> 972,925
504,82 -> 204,382
671,402 -> 366,402
35,828 -> 483,380
298,464 -> 816,982
230,279 -> 230,458
936,325 -> 936,407
711,219 -> 617,219
394,852 -> 394,951
813,381 -> 515,381
11,37 -> 11,833
576,338 -> 318,596
899,179 -> 403,675
621,975 -> 344,698
786,299 -> 138,299
542,601 -> 542,932
930,820 -> 532,820
949,441 -> 578,441
736,88 -> 667,88
51,181 -> 550,181
154,599 -> 410,599
720,345 -> 867,345
410,321 -> 410,821
765,381 -> 765,152
53,247 -> 545,739
507,155 -> 823,471
42,939 -> 42,614
88,105 -> 693,105
743,188 -> 830,275
956,13 -> 12,957
829,35 -> 71,793
717,352 -> 601,468
439,44 -> 439,548
136,14 -> 310,188
429,119 -> 391,157
985,238 -> 391,832
231,814 -> 886,814
216,972 -> 216,584
422,742 -> 422,343
835,285 -> 315,805
373,146 -> 373,819
629,115 -> 417,115
234,296 -> 756,818
710,445 -> 173,982
22,109 -> 794,109
26,506 -> 26,56
395,685 -> 395,276
556,626 -> 556,345
588,747 -> 295,747
188,93 -> 841,93
663,313 -> 663,724
960,692 -> 831,563
268,511 -> 268,932
328,311 -> 211,311
877,74 -> 68,883
343,666 -> 343,341
578,517 -> 130,517
145,761 -> 145,412
723,269 -> 181,269
318,471 -> 699,471
760,768 -> 122,768
327,817 -> 825,319
482,253 -> 97,253
178,181 -> 424,427
247,429 -> 27,429
273,840 -> 521,840
684,819 -> 693,819
740,35 -> 740,953
977,25 -> 64,938
848,968 -> 848,114
851,34 -> 186,699
595,937 -> 892,640
983,654 -> 983,448
255,359 -> 255,58
325,507 -> 271,507
442,230 -> 846,230
839,895 -> 146,202
588,47 -> 282,353
130,485 -> 130,892
308,886 -> 783,886
949,681 -> 350,681
256,561 -> 746,561
242,119 -> 608,119
916,883 -> 410,377
562,433 -> 241,754